intro:
  1, 4

verse 1:
  1, 4, 1, 4
  1, 4
  1, 4
  1, 4

pre-chorus:
  b3, 4, 5

chorus:
  1, 5, 4
  1, 5, 4
  1, 5, 4
  1, 5, 4, 1

verse 2:
  1, 4
  1, 4
  1, 4
  1, 4

pre-chorus:
  b3, 4, 5

chorus:
  1, 5, 4
  1, 5, 4
  1, 5, 4
  1, 5, 4

guitar solo:
  1, 5, 4, 1, 5, 4, 1, 5, 4, 1, 5, 4

pre-chorus:
  b3, 4, 5

verse 3:
  1

chorus:
  1, 5, 4
  1, 5, 4
  1, 5, 4
  1, 5, 4

outro 1:
  1, 5, 4, 1, 5, 4, 1, 5, 4, 1, 5, 4

outro 2:
  1, 5, 4, 1, 5, 4, 1, 5, 4, 1, 5, 4

outro 3:
  1, 5, 4, 1, 5, 4, 1, 5, 4, 1, 5, 4, 1

