intro:
  1, 5, b7, 4, 1, 1, 5, b7, 4, 1

verse 1:
  1, 5, b7, 4, 1
  1, 5, b7, 4, 1
  1, 5, b7, 4, 1
  1, 5, b7, 4, 1

pre-chorus:
  5, 4, 1
  5, 2m, 4, 1
  5, 4, 1
  5, 2m, 4, 5

chorus:
  1, 5, 4, 5
  1, 5, 4, 5
  1, 5, 4, 5
  1, 5, 4, 5

bridge:
  1, 1, 5, b7, 4, 1, 1, 5, b7, 4, 1

verse 2:
  1, 5, b7, 4, 1
  1, 5, b7, 4, 1
  1, 5, b7, 4, 1
  1, 5, b7, 4, 1

pre-chorus:
  5, 4, 1
  5, 2m, 4, 1
  5, 4, 1
  5, 2m, 4, 5

solo:
  1, 5, 4, 5, 1, 5, 4, 5, 1, 5, 4, 5, 1, 5, 4, 5

chorus:
  1, 5, 4, 5
  1, 5, 4, 5
  1, 5, 4, 5
  1, 5, 4, 5

outro:
  1, 5, 4, 5, 1, 5
  4, 5, 1, 5, 4, 5, 1, 5, 4, 5, 1

