intro:
  1, 4, 5, 1, 4, 5, 1, 5, 4, 6m, 5, 3m, 4, 1, 5, 4, 1, 5, 4

verse 1:
  1, 5, 4
  1, 5, 4
  1, 5, 4, 1, 5, 4
  6m, 5, 3m, 4
  6m, 5, 3m, 4, 4

verse 2:
  1, 5, 4, 1, 5, 4
  1, 5, 4, 1, 5, 4
  6m, 5, 3m, 4
  6m, 5, 3m, 4, 4

chorus:
  1, 4
  5, 1, 4
  5, 1, 4
  5, 1, 4
  5, 1, 5, 4, 6m, 5, 3m, 4

verse 3:
  1, 5, 4, 1, 5, 4
  1, 5, 4
  1, 5, 4
  6m, 5, 3m, 4
  6m, 5, 3m, 4, 4

break:
  6m, 5, 3m, 4, 6m, 1, 5, 3m, 4, 5, 6m, 5, 1, 5, 4
  3m, 4, 5, 6m, 5, 1, 5, 4, 5, 4

chorus:
  1, 4
  5, 1, 4
  5, 1, 4
  5, 1, 4, 5

break:
  1, 4, 5, 1, 4, 5, 1, 4, 5, 1, 4, 5, 1, 4, 5, 1, 4, 5

outro:
  1, 4, 5, 1, 4, 5, 6

