intro:
  4, 1, 5, 4, 2, 4

main riff:
  1, 5, 4, 1, 5, 4

verse 1:
  1, 5, 4
  1, 5, 4
  1, 5, 4
  1, 5, 4

pre-chorus:
  5, 4
  5, 4
  5, 4
  5

chorus:
  1, 5, 4, 1, 5, 4
  1, 3m, 4, 1, 5, 4, 1, 5

main riff:
  1, 5, 4, 1, 5, 4

verse 2:
  1, 5, 4
  1, 5, 4
  1, 5, 4
  1, 5, 4

pre-chorus:
  5, 4
  5, 4
  5, 4
  5

chorus:
  1, 5, 4, 1, 5, 4
  1, 3m, 4, 1, 5, 4, 1, 5

bridge:
  2, 4
  2, 4, 5

chorus:
  4, 1, 5, 2m
  1, 3m, 4, 1, 5, 2m

outro:
  1, 5, 4, 1, 5, 2m, 1, 3m, 4, 1, 5, 2m, 1, 5, 4
  1, 5, 2m
  1, 3m, 4
  1, 5, 2m
  1, 5, 4

