intro:
  6^5

break:
  4, 5, 1, 6^5, 1, 6^5, 4, 5, 1, 6^5, 1, 6^5

verse 1:
  6^5

break:
  4, 5, 1, 6^5, 1, 6^5, 4, 5, 1, 6^5, 1, 6^5

bridge:
  6, 3, 6, 2, 3, 5, 6, 6, 3, 6, 2, 3, 5, 6, 6

chorus:
  3
  6, 2, 3, 5, 6
  3
  6, 2, 3, 5, 6
  3, 6, 2, 3, 5, 6, 3, 6, 2, 3, 5, 6

harmonica solo:
  6^5

break:
  4, 5, 1, 6^5, 1, 6^5, 4, 5, 1, 6^5, 1, 6^5

verse 2:
  6^5
  

break:
  4, 5, 1, 6^5, 1, 6^5, 4, 5, 1, 6^5, 1, 6^5

guitar solo:
  6, 3, 6, 2, 3, 5, 6, 3, 6, 2, 3, 5, 6, 3, 6, 2, 3, 5, 6
  3, 6, 2, 3, 5, 6
  3, 6, 2, 3, 5, 6
  3, 6, 2, 3, 5, 6

outro:
  6^5
  

